  0.38284369852688643    
  0.29636641284184395    
   7.1792262553549736E-011
  -3.2053467754076413E-011
  -1.0359729903061401E-010
  0.29636641284184395    
  0.22942274092196907    
   5.5575722950814467E-011
  -2.4813184320311348E-011
  -8.0196592008554937E-011
   7.1792262553549736E-011
   5.5575722950814467E-011
   1.3462749896080254E-020
  -6.0107845097280229E-021
  -1.9426947656347867E-020
  -3.2053467754076413E-011
  -2.4813184320311348E-011
  -6.0107845097280229E-021
   2.6836664649698084E-021
   8.6736511444865646E-021
  -1.0359729903061401E-010
  -8.0196592008554937E-011
  -1.9426947656347867E-020
   8.6736511444865646E-021
   2.8033373430814725E-020
