   2.1050429135969155     
 -0.24447103849487017     
 -0.16310337863041696     
  -9.6974656747904203E-002
   1.4547671448809313E-013
  -6.0179025072424282E-013
  -3.9462331525561154E-013
  -5.4384928120199559E-013
  -4.1779137282357261E-013
  -2.6729219393050770E-013
   9.9594024117081577E-014
   1.5212519147159066E-0130
   2.4346981228620690E-014
   1.5363743935171143E-002
   4.1625488752069926E-005
   1.5571519595082401E-002
  -4.9740671521892530E-005
  -2.9507619902609033E-004
   1.5663031810004880E-002
  -2.5157772031601369E-002
  -1.5977745681446792E-004
  -2.5955307897416863E-002
   1.9092725328634201E-004
   1.1326369797013043E-003
  -2.6306573336681134E-002
   2.5923163987368346E-013
  -5.1204000851205086E-014
   1.4259251118807190E-013
   4.7810541281741796E-014
  -1.7877569218504674E-014
   1.5411017391873714E-014
  -1.1193989783445322E-014
   1.0524530000221506E-013
   1.9306105686302275E-014
  -5.2954067956041607E-014
 -0.24447103849487017     
  0.30316803806023385     
  0.35405103426431678     
  0.15103733634212796     
  -3.5283067513675385E-013
   1.1678338939252311E-012
   8.9836632679542141E-013
  -3.8537462907948876E-014
   8.1879181371893911E-013
   6.6500169596786445E-013
   4.5637958731950318E-014
   6.4805174760502960E-014
   4.9016089308316218E-014
   5.7636163736983492E-003
  -1.7438558523099343E-006
   5.7549096188220603E-003
   2.0838162680871398E-006
   1.2361585953185941E-005
   5.7510750368646047E-003
   1.3853767291574271E-002
   3.1721014700745553E-004
   1.5437134579261465E-002
  -3.7905260617683741E-004
  -2.2486522015124737E-003
   1.6134510320367758E-002
  -2.3370026086563355E-014
   1.2937239017185699E-013
  -7.1155801803925146E-014
   3.7422862119533280E-014
   5.2380014376368893E-014
  -2.6299826171244908E-014
   1.0808575045195000E-014
   1.5632297633258390E-014
   1.0035622663326929E-014
   6.2882571843884108E-014
 -0.16310337863041696     
  0.35405103426431678     
  0.42193578887464023     
  0.17646498179904208     
   2.9332282316467365E-013
   4.8123631654495913E-012
   4.0385439495585127E-012
   5.4778604882057946E-013
   3.9540079809698765E-012
   3.3790130146970344E-012
   2.8454278871925560E-013
   1.1091894139975977E-012
   9.4484486710104900E-013
   8.1713247117771205E-003
  -3.5029709691366986E-005
   7.9964696778565721E-003
   4.1858987327795995E-005
   2.4831959342989538E-004
   7.9194570832306736E-003
   1.5465611963799194E-002
   2.9240879925711077E-004
   1.6925181798007817E-002
  -3.4941607053894184E-004
  -2.0728397432562594E-003
   1.7568032603339952E-002
  -8.4602779134706644E-016
   1.7948848401438443E-013
  -9.2680194683016956E-014
   2.9544866049186753E-014
   8.5462465315012115E-014
  -2.1767990238340000E-014
   7.5887557823226788E-014
   3.3695895058248459E-014
   5.3638536429763612E-014
   3.3443408084350668E-014
  -9.6974656747904203E-002
  0.15103733634212796     
  0.17646498179904208     
   7.9333019074191838E-002
  -9.9098501147541478E-013
  -7.6093722404557700E-012
  -6.4973724684670612E-012
  -7.4984680425291100E-013
  -6.7203055681547548E-012
  -5.7151857024456043E-012
  -2.3796590834103727E-013
  -2.4059957445438335E-012
  -2.0388559588145607E-012
   2.7425432849006795E-003
   8.8060692502618367E-005
   3.1821009790648086E-003
  -1.0522877615352482E-004
  -6.2424825633907864E-004
   3.3756990839861932E-003
   6.2626220974750010E-003
   3.6855947216567978E-004
   8.1023028798409939E-003
  -4.4041281640356400E-004
  -2.6126585229044133E-003
   8.9125683842432545E-003
  -2.3435006393470947E-014
   2.0265150026900896E-015
  -7.3895746060927923E-016
   6.5134294721159063E-014
  -2.4184548599153842E-014
  -2.4469053279355364E-014
  -1.4642285059552539E-013
  -1.5252426886440882E-014
  -8.7761138560690417E-014
   1.2405401188412196E-013
   1.4547671448809313E-013
  -3.5283067513675385E-013
   2.9332282316467365E-013
  -9.9098501147541478E-013
  0.29863808111379636     
   1.6051241720031008E-002
  -1.9180549082598669E-002
  0.26155065679815409     
   1.5062815410968999E-002
  -1.7999422796929194E-002
   9.1145542864374637E-002
   9.8922496601565914E-003
  -1.1820814722133231E-002
   2.3138754006052888E-013
   2.3340159757063068E-013
  -3.4701867596472862E-014
   1.6940401279018730E-013
  -8.4608230081817632E-014
   2.4322961665188200E-014
   4.5372854598247777E-013
   7.2366044314440486E-013
  -9.6943353099214185E-013
  -2.7268234161372715E-013
  -9.0464309945623168E-013
   5.1573170722792392E-013
   3.8600259163499564E-003
  -8.2247423624489378E-004
  -8.3573598948548302E-004
   2.1262305588048226E-004
   9.8282165709390602E-004
   3.6388373437525067E-003
  -1.7631579474889654E-004
  -1.9642499312286879E-003
   1.8122456328896071E-004
  -2.8406832300554566E-004
  -6.0179025072424282E-013
   1.1678338939252311E-012
   4.8123631654495913E-012
  -7.6093722404557700E-012
   1.6051241720031008E-002
  0.39115297422604950     
 -0.11378468292872609     
   1.5062813509994763E-002
  0.34836855145042878     
 -0.10677789271692038     
   9.8922524666975910E-003
  0.14816184088790529     
  -7.0124563174240997E-002
  -1.9663630146931369E-014
   2.4277044938535215E-014
  -2.3020523836441567E-013
   2.4749785506642685E-013
  -2.2936330381261810E-013
  -1.8949062908685009E-013
   1.5187761719670085E-012
  -2.2059431949521296E-013
   7.6616383361307970E-014
   1.2302775984068194E-013
  -3.0748953829032944E-013
   9.0644119419465770E-014
   1.5563529884216482E-004
   2.1362779738128800E-003
  -7.4601683190683385E-004
  -6.6305473185784575E-004
  -5.0396521903371650E-004
   5.0789804572586624E-004
   5.2883948954916132E-003
   1.8122484188757139E-004
  -9.1972009101281736E-004
  -1.6851768908950253E-003
  -3.9462331525561154E-013
   8.9836632679542141E-013
   4.0385439495585127E-012
  -6.4973724684670612E-012
  -1.9180549082598669E-002
 -0.11378468292872609     
  0.43190007561191024     
  -1.7999419520054741E-002
 -0.10677788678147475     
  0.38660648331229530     
  -1.1820819568884651E-002
  -7.0124571958197809E-002
  0.17327398977167008     
  -2.0541496907390540E-014
   8.3695615076551744E-014
  -2.4360495112414620E-013
   2.3660821706050068E-013
  -2.2488128582576446E-013
  -6.2472529794729882E-014
   1.1645996227395562E-012
  -9.4349086395579902E-014
  -3.0751949183155389E-013
   1.7438511938941646E-013
  -4.1051302415312050E-013
   5.3271673705058103E-013
  -1.8597750533887555E-004
  -5.0396581981617338E-004
  -1.7631622900875403E-004
  -1.5072502682586537E-003
   2.3167512695133926E-003
  -3.8615047908060600E-004
   3.8926736442933930E-004
   8.5121844390714677E-004
   5.0496800598993459E-003
  -2.4468076948590562E-003
  -5.4384928120199559E-013
  -3.8537462907948876E-014
   5.4778604882057946E-013
  -7.4984680425291100E-013
  0.26155065679815409     
   1.5062813509994763E-002
  -1.7999419520054741E-002
  0.22907560668413990     
   1.4110565805024280E-002
  -1.6861525058728906E-002
   7.9856700755375210E-002
   9.1478783916895089E-003
  -1.0931322945551353E-002
   2.0406567173098016E-013
   2.0395517433384068E-013
  -3.0314784975543579E-014
   1.4860498068996206E-013
  -7.2065961632858705E-014
   2.0915496544687160E-014
   4.1424998891964935E-013
   6.3305209731326993E-013
  -8.3296393766055055E-013
  -2.3828264968587330E-013
  -7.8921158990145944E-013
   4.6542674954785109E-013
   3.3783815277455597E-003
  -7.2008408424171122E-004
  -7.3196661792018975E-004
   1.8368192684423904E-004
   8.6046979524161506E-004
   3.1855062475537642E-003
  -1.5078918534581394E-004
  -1.7198888219095336E-003
   1.5445852648059973E-004
  -2.4467166153747244E-004
  -4.1779137282357261E-013
   8.1879181371893911E-013
   3.9540079809698765E-012
  -6.7203055681547548E-012
   1.5062815410968999E-002
  0.34836855145042878     
 -0.10677788678147475     
   1.4110565805024280E-002
  0.31040502179731444     
 -0.10002755964524414     
   9.1478820328677567E-003
  0.13258264645577963     
  -6.4847842929633262E-002
  -2.6004351518273195E-014
   2.1920897985899479E-014
  -2.0606851675283350E-013
   2.1549093622889041E-013
  -2.0748388032822473E-013
  -1.6724389689735761E-013
   1.3158192749266654E-012
  -1.9071793548515680E-013
   6.5393321503936426E-014
   1.0482142271126925E-013
  -2.8420491756992518E-013
   7.8267609460740900E-014
   1.3583953060688957E-004
   1.8684337594669759E-003
  -6.5589653148670133E-004
  -5.9465245048108341E-004
  -4.3951245423611858E-004
   4.4841061485780865E-004
   4.6495465096628111E-003
   1.5445880045813484E-004
  -8.2963119585818942E-004
  -1.4514643113731495E-003
  -2.6729219393050770E-013
   6.6500169596786445E-013
   3.3790130146970344E-012
  -5.7151857024456043E-012
  -1.7999422796929194E-002
 -0.10677789271692038     
  0.38660648331229530     
  -1.6861525058728906E-002
 -0.10002755964524414     
  0.34622562295471726     
  -1.0931329228351164E-002
  -6.4847854316648024E-002
  0.15580516481067375     
  -2.3922700462252952E-014
   7.4371577627020590E-014
  -2.1459502120067278E-013
   2.0614131029461420E-013
  -2.0239829020107375E-013
  -5.5647434506948943E-014
   1.0091843992247858E-012
  -8.1203103270577852E-014
  -2.7247387175697511E-013
   1.5103752858231839E-013
  -3.7097331296980211E-013
   4.7142971866414253E-013
  -1.6232240278057220E-004
  -4.3951299213818083E-004
  -1.5078960359939808E-004
  -1.3020912684242121E-003
   2.0258260636699813E-003
  -3.4260850690403123E-004
   3.1568357017526375E-004
   7.4998619914843235E-004
   4.4491404677850241E-003
  -2.1695854112645302E-003
   9.9594024117081577E-014
   4.5637958731950318E-014
   2.8454278871925560E-013
  -2.3796590834103727E-013
   9.1145542864374637E-002
   9.8922524666975910E-003
  -1.1820819568884651E-002
   7.9856700755375210E-002
   9.1478820328677567E-003
  -1.0931329228351164E-002
   2.7960864726791941E-002
   5.3765399267981474E-003
  -6.4247351533923795E-003
   7.6558203773433657E-014
   6.9912154225740783E-014
  -6.2178257212229130E-015
   5.1689697135575462E-014
  -2.2686884820228721E-014
   1.1101481406798788E-014
   1.4567746864221163E-013
   2.1824704199667585E-013
  -2.8736903259906116E-013
  -8.2056030166466818E-014
  -2.6823908841655586E-013
   1.5582592129474166E-013
   1.1690956940835181E-003
  -2.4391493414492580E-004
  -2.5606649961105272E-004
   5.7559857987602049E-005
   2.9146797507056477E-004
   1.1061704139696158E-003
  -2.9395745402845465E-005
  -5.9912352549571803E-004
   2.3867030668379776E-005
  -6.8128811028851806E-005
   1.5212519147159066E-013
   6.4805174760502960E-014
   1.1091894139975977E-012
  -2.4059957445438335E-012
   9.8922496601565914E-003
  0.14816184088790529     
  -7.0124571958197809E-002
   9.1478783916895089E-003
  0.13258264645577963     
  -6.4847854316648024E-002
   5.3765399267981474E-003
   5.8949816644495917E-002
  -3.8113417504908001E-002
  -1.3579192511516035E-014
   6.5881084774781812E-015
  -7.5248014595961328E-014
   7.3841035580340571E-014
  -7.4558542545169766E-014
  -5.9124561100267626E-014
   4.4555668686410599E-013
  -6.3786445460323652E-014
   2.4335072346652616E-014
   3.2083910227527911E-014
  -1.0574129277351093E-013
   7.5078706762220624E-015
   5.8800265716180673E-005
   6.7421149385583998E-004
  -2.4557895207259712E-004
  -2.4039797502802685E-004
  -1.8617981782000859E-004
   1.8876218071528213E-004
   1.7408706902535633E-003
   2.3867155764399419E-005
  -4.6156092875066624E-004
  -4.0416102166044015E-004
   2.4346981228620690E-014
   4.9016089308316218E-014
   9.4484486710104900E-013
  -2.0388559588145607E-012
  -1.1820814722133231E-002
  -7.0124563174240997E-002
  0.17327398977167008     
  -1.0931322945551353E-002
  -6.4847842929633262E-002
  0.15580516481067375     
  -6.4247351533923795E-003
  -3.8113417504908001E-002
   7.2598528065959567E-002
  -1.5437210145804690E-014
   2.8119021127099326E-014
  -7.5708366818042212E-014
   7.0439870068101515E-014
  -7.5338372603362990E-014
  -2.1289961896092044E-014
   3.3194354399346143E-013
  -2.8069150845006845E-014
  -1.1122842350074444E-013
   5.4132686106560834E-014
  -1.3678427106545250E-013
   1.7666040889528493E-013
  -7.0263901499932784E-005
  -1.8618041708880022E-004
  -2.9395995857580267E-005
  -4.0803395620778968E-004
   7.4088420652067125E-004
  -1.5881205621924504E-004
  -5.1831359746144792E-005
   2.9433225272886102E-004
   1.7460664746655127E-003
  -8.6572873465214778E-004
   1.5363743935171143E-002
   5.7636163736983492E-003
   8.1713247117771205E-003
   2.7425432849006795E-003
   2.3138754006052888E-013
  -1.9663630146931369E-014
  -2.0541496907390540E-014
   2.0406567173098016E-013
  -2.6004351518273195E-014
  -2.3922700462252952E-014
   7.6558203773433657E-014
  -1.3579192511516035E-014
  -1.5437210145804690E-014
   3.6254863976496287E-004
  -8.6015432422964324E-006
   3.1961359806053117E-004
   1.0278476543154283E-005
   6.0974950051884422E-005
   3.0070336984886457E-004
   1.6848388502764406E-004
  -1.4771057744636780E-005
   9.4753418311646368E-005
   1.7650779816046269E-005
   1.0470958572509664E-004
   6.2279746123150004E-005
   5.7119601202947506E-015
   4.1147466860927331E-015
  -1.6845454682502992E-015
   2.9901993536540988E-015
   2.4263083350238998E-015
   2.0374010557442691E-015
  -1.0543202290375247E-015
   2.9115144731679025E-016
  -1.6004309061133564E-016
   2.7187594639692922E-015
   4.1625488752069926E-005
  -1.7438558523099343E-006
  -3.5029709691366986E-005
   8.8060692502618367E-005
   2.3340159757063068E-013
   2.4277044938535215E-014
   8.3695615076551744E-014
   2.0395517433384068E-013
   2.1920897985899479E-014
   7.4371577627020590E-014
   6.9912154225740783E-014
   6.5881084774781812E-015
   2.8119021127099326E-014
  -8.6015432422964324E-006
   2.0854791197975289E-006
   1.8082174699317283E-006
  -2.4920585055272560E-006
  -1.4783626223351719E-005
   6.3930738046171635E-006
  -1.0875348745726426E-005
   4.9068060322699427E-006
   1.3617201753983461E-005
  -5.8634230300219495E-006
  -3.4783546057323303E-005
   2.4404648643033822E-005
   2.9110918420331472E-015
  -1.0298184969869358E-015
  -6.2267351666656301E-016
  -5.0795644798396540E-016
   1.2047017978543499E-015
   2.9025274709207757E-015
   5.3650195400244218E-016
  -1.4185099014359342E-015
   1.4410921840403528E-015
  -1.2980452884803322E-015
   1.5571519595082401E-002
   5.7549096188220603E-003
   7.9964696778565721E-003
   3.1821009790648086E-003
  -3.4701867596472862E-014
  -2.3020523836441567E-013
  -2.4360495112414620E-013
  -3.0314784975543579E-014
  -2.0606851675283350E-013
  -2.1459502120067278E-013
  -6.2178257212229130E-015
  -7.5248014595961328E-014
  -7.5708366818042212E-014
   3.1961359806053117E-004
   1.8082174699317283E-006
   3.2863933460470021E-004
  -2.1607430477519843E-006
  -1.2818170187578018E-005
   3.3261461835570709E-004
   1.1419901144689699E-004
   9.7214781517826119E-006
   1.6272417667638473E-004
  -1.1616751464840050E-005
  -6.8913998498709329E-005
   1.8409651519692751E-004
   1.9284216516705198E-015
   1.9702574486126045E-015
   4.5025634244423465E-016
   3.8575424870681838E-015
  -1.1496899263961345E-015
  -7.0417699265271024E-016
  -4.1758743834045002E-015
   6.1523102829462862E-016
  -4.0319872183503632E-015
   4.4593590019767956E-015
  -4.9740671521892530E-005
   2.0838162680871398E-006
   4.1858987327795995E-005
  -1.0522877615352482E-004
   1.6940401279018730E-013
   2.4749785506642685E-013
   2.3660821706050068E-013
   1.4860498068996206E-013
   2.1549093622889041E-013
   2.0614131029461420E-013
   5.1689697135575462E-014
   7.3841035580340571E-014
   7.0439870068101515E-014
   1.0278476543154283E-005
  -2.4920585055272560E-006
  -2.1607430477519843E-006
   2.9779035119630841E-006
   1.7665802128009936E-005
  -7.6394506104450816E-006
   1.2995576635320609E-005
  -5.8634237208040572E-006
  -1.6271975543943757E-005
   7.0065401919780126E-006
   4.1564852514017236E-005
  -2.9162514024616284E-005
   2.2893515730110676E-015
   1.3720559635694226E-015
  -1.4226492516392438E-015
  -1.4718853972780374E-015
   2.2559735582492845E-015
   2.0752737399611289E-015
   4.4974859051438578E-015
  -1.4477309729085682E-016
   3.4266338129249025E-015
  -3.1637866982296296E-015
  -2.9507619902609033E-004
   1.2361585953185941E-005
   2.4831959342989538E-004
  -6.2424825633907864E-004
  -8.4608230081817632E-014
  -2.2936330381261810E-013
  -2.2488128582576446E-013
  -7.2065961632858705E-014
  -2.0748388032822473E-013
  -2.0239829020107375E-013
  -2.2686884820228721E-014
  -7.4558542545169766E-014
  -7.5338372603362990E-014
   6.0974950051884422E-005
  -1.4783626223351719E-005
  -1.2818170187578018E-005
   1.7665802128009936E-005
   1.0479874971512160E-004
  -4.5319479693057314E-005
   7.7093583987803443E-005
  -3.4783559456149202E-005
  -9.6530170637212651E-005
   4.1564863628198792E-005
   2.4657496840585426E-004
  -1.7300064812860664E-004
  -3.9869016419567594E-016
   1.9468991056700686E-015
  -1.4181875017000469E-016
   2.8625389447087229E-015
  -4.0489775394727562E-016
  -1.7713152763242918E-015
  -4.9435413712836846E-015
   5.8820278845645466E-016
  -3.2143272478928523E-015
   5.2451843507060114E-015
   1.5663031810004880E-002
   5.7510750368646047E-003
   7.9194570832306736E-003
   3.3756990839861932E-003
   2.4322961665188200E-014
  -1.8949062908685009E-013
  -6.2472529794729882E-014
   2.0915496544687160E-014
  -1.6724389689735761E-013
  -5.5647434506948943E-014
   1.1101481406798788E-014
  -5.9124561100267626E-014
  -2.1289961896092044E-014
   3.0070336984886457E-004
   6.3930738046171635E-006
   3.3261461835570709E-004
  -7.6394506104450816E-006
  -4.5319479693057314E-005
   3.4666955594268758E-004
   9.0289888483964599E-005
   2.0508926915061505E-005
   1.9266110588263486E-004
  -2.4507290666474150E-005
  -1.4538445981933468E-004
   2.3774928518370059E-004
   1.9623863302741810E-015
  -2.4013901406424410E-016
   5.5476831593488857E-016
   1.3913866676923966E-015
   1.3304704115860128E-015
  -4.1688432319764609E-016
  -4.0716215567078415E-015
   8.0480083094502226E-016
   6.8767855212781851E-016
   2.6049168093212987E-015
  -2.5157772031601369E-002
   1.3853767291574271E-002
   1.5465611963799194E-002
   6.2626220974750010E-003
   4.5372854598247777E-013
   1.5187761719670085E-012
   1.1645996227395562E-012
   4.1424998891964935E-013
   1.3158192749266654E-012
   1.0091843992247858E-012
   1.4567746864221163E-013
   4.4555668686410599E-013
   3.3194354399346143E-013
   1.6848388502764406E-004
  -1.0875348745726426E-005
   1.1419901144689699E-004
   1.2995576635320609E-005
   7.7093583987803443E-005
   9.0289888483964599E-005
   7.9835341397990799E-004
  -1.1904921369826551E-005
   7.3892936338302304E-004
   1.4225868133240418E-005
   8.4391984758010066E-005
   7.1275679657276938E-004
   4.0640407611131754E-015
   1.5580677169300991E-014
  -1.0401144061203994E-014
  -6.0141334281674477E-015
   1.0469889137609377E-014
   5.3798957073088583E-015
   2.7834959943784838E-014
   1.4093369775257945E-015
   1.4626924676374106E-014
  -1.4117812890256997E-014
  -1.5977745681446792E-004
   3.1721014700745553E-004
   2.9240879925711077E-004
   3.6855947216567978E-004
   7.2366044314440486E-013
  -2.2059431949521296E-013
  -9.4349086395579902E-014
   6.3305209731326993E-013
  -1.9071793548515680E-013
  -8.1203103270577852E-014
   2.1824704199667585E-013
  -6.3786445460323652E-014
  -2.8069150845006845E-014
  -1.4771057744636780E-005
   4.9068060322699427E-006
   9.7214781517826119E-006
  -5.8634237208040572E-006
  -3.4783559456149202E-005
   2.0508926915061505E-005
  -1.1904921369826551E-005
   1.1983024388129896E-005
   4.7908900140943780E-005
  -1.4319200933998338E-005
  -8.4945702925724308E-005
   7.4253173435086736E-005
   9.1097731204830116E-015
  -4.3743689198788218E-015
  -1.1258764329091061E-015
   1.0765254541475315E-015
   1.7443995871419191E-015
   8.7949515325551532E-015
  -4.4053198489562633E-015
  -5.4497590795253887E-015
  -3.3351470292384112E-016
   7.4404285903968859E-016
  -2.5955307897416863E-002
   1.5437134579261465E-002
   1.6925181798007817E-002
   8.1023028798409939E-003
  -9.6943353099214185E-013
   7.6616383361307970E-014
  -3.0751949183155389E-013
  -8.3296393766055055E-013
   6.5393321503936426E-014
  -2.7247387175697511E-013
  -2.8736903259906116E-013
   2.4335072346652616E-014
  -1.1122842350074444E-013
   9.4753418311646368E-005
   1.3617201753983461E-005
   1.6272417667638473E-004
  -1.6271975543943757E-005
  -9.6530170637212651E-005
   1.9266110588263486E-004
   7.3892936338302304E-004
   4.7908900140943780E-005
   9.7806877455013314E-004
  -5.7249086861547252E-005
  -3.3961842766668161E-004
   1.0833948686461965E-003
  -1.5693884788232292E-014
   6.9821871685129669E-015
  -3.4326246030423799E-016
   1.6084426066230112E-015
  -4.8013963418888913E-015
  -1.1916261540154430E-014
   1.4249609981971543E-015
   4.5420097646987615E-015
  -6.1336677033505413E-015
   4.6418852283361198E-015
   1.9092725328634201E-004
  -3.7905260617683741E-004
  -3.4941607053894184E-004
  -4.4041281640356400E-004
  -2.7268234161372715E-013
   1.2302775984068194E-013
   1.7438511938941646E-013
  -2.3828264968587330E-013
   1.0482142271126925E-013
   1.5103752858231839E-013
  -8.2056030166466818E-014
   3.2083910227527911E-014
   5.4132686106560834E-014
   1.7650779816046269E-005
  -5.8634230300219495E-006
  -1.1616751464840050E-005
   7.0065401919780126E-006
   4.1564863628198792E-005
  -2.4507290666474150E-005
   1.4225868133240418E-005
  -1.4319200933998338E-005
  -5.7249086861547252E-005
   1.7110831852376631E-005
   1.0150647693566179E-004
  -8.8729365173646269E-005
  -3.4343464850216224E-015
   2.0543762778013255E-015
   3.4118525107201964E-017
  -1.3058113251567644E-015
   1.0908065243687670E-015
  -3.7100139813361408E-015
   2.1747140834055589E-015
   2.7660277892676414E-015
   2.7978459092181539E-015
  -8.9412747171123165E-016
   1.1326369797013043E-003
  -2.2486522015124737E-003
  -2.0728397432562594E-003
  -2.6126585229044133E-003
  -9.0464309945623168E-013
  -3.0748953829032944E-013
  -4.1051302415312050E-013
  -7.8921158990145944E-013
  -2.8420491756992518E-013
  -3.7097331296980211E-013
  -2.6823908841655586E-013
  -1.0574129277351093E-013
  -1.3678427106545250E-013
   1.0470958572509664E-004
  -3.4783546057323303E-005
  -6.8913998498709329E-005
   4.1564852514017236E-005
   2.4657496840585426E-004
  -1.4538445981933468E-004
   8.4391984758010066E-005
  -8.4945702925724308E-005
  -3.3961842766668161E-004
   1.0150647693566179E-004
   6.0216621545836524E-004
  -5.2636867873477610E-004
  -9.8762696907887164E-015
   7.3285676964880586E-015
   1.4720074408644672E-015
   4.9465843619930634E-015
  -3.2767635244464273E-015
  -1.2348028492576474E-014
  -6.5951328477323000E-015
   6.4473739765873402E-015
  -6.9936950838697983E-015
   1.0174685661543531E-014
  -2.6306573336681134E-002
   1.6134510320367758E-002
   1.7568032603339952E-002
   8.9125683842432545E-003
   5.1573170722792392E-013
   9.0644119419465770E-014
   5.3271673705058103E-013
   4.6542674954785109E-013
   7.8267609460740900E-014
   4.7142971866414253E-013
   1.5582592129474166E-013
   7.5078706762220624E-015
   1.7666040889528493E-013
   6.2279746123150004E-005
   2.4404648643033822E-005
   1.8409651519692751E-004
  -2.9162514024616284E-005
  -1.7300064812860664E-004
   2.3774928518370059E-004
   7.1275679657276938E-004
   7.4253173435086736E-005
   1.0833948686461965E-003
  -8.8729365173646269E-005
  -5.2636867873477610E-004
   1.2466379553909587E-003
   2.2755790682325721E-015
  -1.2594708762496758E-015
  -4.4190703661843841E-015
  -3.7569382878548988E-015
   6.9146952676309412E-015
   5.4559088825121032E-015
   2.2203678260053991E-015
  -3.3880333218082800E-015
   9.5717997541796911E-015
  -3.9370576316194807E-015
   2.5923163987368346E-013
  -2.3370026086563355E-014
  -8.4602779134706644E-016
  -2.3435006393470947E-014
   3.8600259163499564E-003
   1.5563529884216482E-004
  -1.8597750533887555E-004
   3.3783815277455597E-003
   1.3583953060688957E-004
  -1.6232240278057220E-004
   1.1690956940835181E-003
   5.8800265716180673E-005
  -7.0263901499932784E-005
   5.7119601202947506E-015
   2.9110918420331472E-015
   1.9284216516705198E-015
   2.2893515730110676E-015
  -3.9869016419567594E-016
   1.9623863302741810E-015
   4.0640407611131754E-015
   9.1097731204830116E-015
  -1.5693884788232292E-014
  -3.4343464850216224E-015
  -9.8762696907887164E-015
   2.2755790682325721E-015
   5.2112757603421145E-005
  -5.2645598796019501E-006
  -1.1625309636884822E-005
   7.7015753423471012E-006
   6.2909210925181547E-006
   4.9565304383323644E-005
   3.3754526793943503E-006
  -2.6997015124115115E-005
  -6.8487304336368484E-006
  -5.6190220456102425E-006
  -5.1204000851205086E-014
   1.2937239017185699E-013
   1.7948848401438443E-013
   2.0265150026900896E-015
  -8.2247423624489378E-004
   2.1362779738128800E-003
  -5.0396581981617338E-004
  -7.2008408424171122E-004
   1.8684337594669759E-003
  -4.3951299213818083E-004
  -2.4391493414492580E-004
   6.7421149385583998E-004
  -1.8618041708880022E-004
   4.1147466860927331E-015
  -1.0298184969869358E-015
   1.9702574486126045E-015
   1.3720559635694226E-015
   1.9468991056700686E-015
  -2.4013901406424410E-016
   1.5580677169300991E-014
  -4.3743689198788218E-015
   6.9821871685129669E-015
   2.0543762778013255E-015
   7.3285676964880586E-015
  -1.2594708762496758E-015
  -5.2645598796019501E-006
   2.8905169456859964E-005
  -3.9075806219504044E-006
   8.2860470445758866E-006
  -2.2670405631839822E-005
  -1.6875802881137574E-006
   4.6121274880900629E-005
   2.9005107819214186E-006
  -3.0082439738848271E-005
  -1.3747435833823420E-005
   1.4259251118807190E-013
  -7.1155801803925146E-014
  -9.2680194683016956E-014
  -7.3895746060927923E-016
  -8.3573598948548302E-004
  -7.4601683190683385E-004
  -1.7631622900875403E-004
  -7.3196661792018975E-004
  -6.5589653148670133E-004
  -1.5078960359939808E-004
  -2.5606649961105272E-004
  -2.4557895207259712E-004
  -2.9395995857580267E-005
  -1.6845454682502992E-015
  -6.2267351666656301E-016
   4.5025634244423465E-016
  -1.4226492516392438E-015
  -1.4181875017000469E-016
   5.5476831593488857E-016
  -1.0401144061203994E-014
  -1.1258764329091061E-015
  -3.4326246030423799E-016
   3.4118525107201964E-017
   1.4720074408644672E-015
  -4.4190703661843841E-015
  -1.1625309636884822E-005
  -3.9075806219504044E-006
   4.4071872881295295E-006
   4.6719381142711345E-007
  -1.5169415354154504E-006
  -1.1687896780551970E-005
  -1.3500196538957997E-005
   4.7565393076612707E-006
  -1.7350165114508263E-007
   7.7109175742578137E-006
   4.7810541281741796E-014
   3.7422862119533280E-014
   2.9544866049186753E-014
   6.5134294721159063E-014
   2.1262305588048226E-004
  -6.6305473185784575E-004
  -1.5072502682586537E-003
   1.8368192684423904E-004
  -5.9465245048108341E-004
  -1.3020912684242121E-003
   5.7559857987602049E-005
  -2.4039797502802685E-004
  -4.0803395620778968E-004
   2.9901993536540988E-015
  -5.0795644798396540E-016
   3.8575424870681838E-015
  -1.4718853972780374E-015
   2.8625389447087229E-015
   1.3913866676923966E-015
  -6.0141334281674477E-015
   1.0765254541475315E-015
   1.6084426066230112E-015
  -1.3058113251567644E-015
   4.9465843619930634E-015
  -3.7569382878548988E-015
   7.7015753423471012E-006
   8.2860470445758866E-006
   4.6719381142711345E-007
   2.0088495124032314E-005
  -2.3224447654421320E-005
   8.2326132249876449E-006
  -3.3118916958105445E-006
  -9.1399720838262233E-006
  -4.1249157411186446E-005
   1.1008174926454476E-005
  -1.7877569218504674E-014
   5.2380014376368893E-014
   8.5462465315012115E-014
  -2.4184548599153842E-014
   9.8282165709390602E-004
  -5.0396521903371650E-004
   2.3167512695133926E-003
   8.6046979524161506E-004
  -4.3951245423611858E-004
   2.0258260636699813E-003
   2.9146797507056477E-004
  -1.8617981782000859E-004
   7.4088420652067125E-004
   2.4263083350238998E-015
   1.2047017978543499E-015
  -1.1496899263961345E-015
   2.2559735582492845E-015
  -4.0489775394727562E-016
   1.3304704115860128E-015
   1.0469889137609377E-014
   1.7443995871419191E-015
  -4.8013963418888913E-015
   1.0908065243687670E-015
  -3.2767635244464273E-015
   6.9146952676309412E-015
   6.2909210925181547E-006
  -2.2670405631839822E-005
  -1.5169415354154504E-006
  -2.3224447654421320E-005
   3.7023625428178940E-005
   3.2956284789099540E-006
  -1.6245111534195123E-005
   2.7203496731549127E-006
   5.8836033937338722E-005
  -9.4151965594406181E-006
   1.5411017391873714E-014
  -2.6299826171244908E-014
  -2.1767990238340000E-014
  -2.4469053279355364E-014
   3.6388373437525067E-003
   5.0789804572586624E-004
  -3.8615047908060600E-004
   3.1855062475537642E-003
   4.4841061485780865E-004
  -3.4260850690403123E-004
   1.1061704139696158E-003
   1.8876218071528213E-004
  -1.5881205621924504E-004
   2.0374010557442691E-015
   2.9025274709207757E-015
  -7.0417699265271024E-016
   2.0752737399611289E-015
  -1.7713152763242918E-015
  -4.1688432319764609E-016
   5.3798957073088583E-015
   8.7949515325551532E-015
  -1.1916261540154430E-014
  -3.7100139813361408E-015
  -1.2348028492576474E-014
   5.4559088825121032E-015
   4.9565304383323644E-005
  -1.6875802881137574E-006
  -1.1687896780551970E-005
   8.2326132249876449E-006
   3.2956284789099540E-006
   4.7614311206940997E-005
   8.9611040589518657E-006
  -2.5777335747193787E-005
  -1.0832621592770036E-005
  -6.4658491873887507E-006
  -1.1193989783445322E-014
   1.0808575045195000E-014
   7.5887557823226788E-014
  -1.4642285059552539E-013
  -1.7631579474889654E-004
   5.2883948954916132E-003
   3.8926736442933930E-004
  -1.5078918534581394E-004
   4.6495465096628111E-003
   3.1568357017526375E-004
  -2.9395745402845465E-005
   1.7408706902535633E-003
  -5.1831359746144792E-005
  -1.0543202290375247E-015
   5.3650195400244218E-016
  -4.1758743834045002E-015
   4.4974859051438578E-015
  -4.9435413712836846E-015
  -4.0716215567078415E-015
   2.7834959943784838E-014
  -4.4053198489562633E-015
   1.4249609981971543E-015
   2.1747140834055589E-015
  -6.5951328477323000E-015
   2.2203678260053991E-015
   3.3754526793943503E-006
   4.6121274880900629E-005
  -1.3500196538957997E-005
  -3.3118916958105445E-006
  -1.6245111534195123E-005
   8.9611040589518657E-006
   9.8203448200806867E-005
   4.2996843237478188E-006
  -1.7191121268200870E-005
  -4.1689680281141057E-005
   1.0524530000221506E-013
   1.5632297633258390E-014
   3.3695895058248459E-014
  -1.5252426886440882E-014
  -1.9642499312286879E-003
   1.8122484188757139E-004
   8.5121844390714677E-004
  -1.7198888219095336E-003
   1.5445880045813484E-004
   7.4998619914843235E-004
  -5.9912352549571803E-004
   2.3867155764399419E-005
   2.9433225272886102E-004
   2.9115144731679025E-016
  -1.4185099014359342E-015
   6.1523102829462862E-016
  -1.4477309729085682E-016
   5.8820278845645466E-016
   8.0480083094502226E-016
   1.4093369775257945E-015
  -5.4497590795253887E-015
   4.5420097646987615E-015
   2.7660277892676414E-015
   6.4473739765873402E-015
  -3.3880333218082800E-015
  -2.6997015124115115E-005
   2.9005107819214186E-006
   4.7565393076612707E-006
  -9.1399720838262233E-006
   2.7203496731549127E-006
  -2.5777335747193787E-005
   4.2996843237478188E-006
   1.6026292342451938E-005
   1.5304727463706476E-005
  -3.9665655860319820E-006
   1.9306105686302275E-014
   1.0035622663326929E-014
   5.3638536429763612E-014
  -8.7761138560690417E-014
   1.8122456328896071E-004
  -9.1972009101281736E-004
   5.0496800598993459E-003
   1.5445852648059973E-004
  -8.2963119585818942E-004
   4.4491404677850241E-003
   2.3867030668379776E-005
  -4.6156092875066624E-004
   1.7460664746655127E-003
  -1.6004309061133564E-016
   1.4410921840403528E-015
  -4.0319872183503632E-015
   3.4266338129249025E-015
  -3.2143272478928523E-015
   6.8767855212781851E-016
   1.4626924676374106E-014
  -3.3351470292384112E-016
  -6.1336677033505413E-015
   2.7978459092181539E-015
  -6.9936950838697983E-015
   9.5717997541796911E-015
  -6.8487304336368484E-006
  -3.0082439738848271E-005
  -1.7350165114508263E-007
  -4.1249157411186446E-005
   5.8836033937338722E-005
  -1.0832621592770036E-005
  -1.7191121268200870E-005
   1.5304727463706476E-005
   1.0423851563929493E-004
  -2.3530847058875228E-005
  -5.2954067956041607E-014
   6.2882571843884108E-014
   3.3443408084350668E-014
   1.2405401188412196E-013
  -2.8406832300554566E-004
  -1.6851768908950253E-003
  -2.4468076948590562E-003
  -2.4467166153747244E-004
  -1.4514643113731495E-003
  -2.1695854112645302E-003
  -6.8128811028851806E-005
  -4.0416102166044015E-004
  -8.6572873465214778E-004
   2.7187594639692922E-015
  -1.2980452884803322E-015
   4.4593590019767956E-015
  -3.1637866982296296E-015
   5.2451843507060114E-015
   2.6049168093212987E-015
  -1.4117812890256997E-014
   7.4404285903968859E-016
   4.6418852283361198E-015
  -8.9412747171123165E-016
   1.0174685661543531E-014
  -3.9370576316194807E-015
  -5.6190220456102425E-006
  -1.3747435833823420E-005
   7.7109175742578137E-006
   1.1008174926454476E-005
  -9.4151965594406181E-006
  -6.4658491873887507E-006
  -4.1689680281141057E-005
  -3.9665655860319820E-006
  -2.3530847058875228E-005
   3.0740840154738328E-005
